Webots Project File version R2019a
perspectives: 000000ff00000000fd000000030000000000000320000003dafc0100000003fc00000000ffffffff0000000000fffffffc0200000001fb00000012005300630065006e006500540072006500650100000019000003f10000000000000000fb0000001e00480074006d006c0052006f0062006f007400570069006e0064006f00770000000000000003200000000000000000fb0000001a0044006f00630075006d0065006e0074006100740069006f006e0000000000ffffffff0000006900ffffff00000001000000f100000396fc0200000001fb0000001400540065007800740045006400690074006f00720100000016000003960000003f00ffffff000000030000073d000000b5fc0100000001fb0000000e0043006f006e0073006f006c006501000000000000073d0000006900ffffff0000064a0000039600000004000000040000000100000008fc00000000
simulationViewPerspectives: 000000ff00000001000000020000010d0000055c0100000002010000000101
sceneTreePerspectives: 000000ff0000000100000002000001ec000000fa0100000002010000000201
maximizedDockId: -1
centralWidgetVisible: 1
projectionMode: PERSPECTIVE
selectionDisabled: 0
viewpointLocked: 0
orthographicViewHeight: 2.09733
textFiles: -1
renderingDevicePerspectives: NAO:CameraBottom;1;0.266667;0;0
renderingDevicePerspectives: NAO:CameraTop;1;0.266667;0;0
